MESHGRID

Changes the 1d feature to 2d array matrix
Inspired from MATLAB.


x=np.linspace(-4,4,9)
y=np.linspace(-5,5,11)
 #meshgrid:
x_1,y_1=np.meshgrid(x,y)


Input : x = [-4, -3, -2, -1, 0, 1, 2, 3, 4]
        y = [-5, -4, -3, -2, -1, 0, 1, 2, 3, 4, 5] 
Output :
x_1 = array([[-4., -3., -2., -1.,  0.,  1.,  2.,  3.,  4.],
             [-4., -3., -2., -1.,  0.,  1.,  2.,  3.,  4.],
             [-4., -3., -2., -1.,  0.,  1.,  2.,  3.,  4.],
             [-4., -3., -2., -1.,  0.,  1.,  2.,  3.,  4.],
             [-4., -3., -2., -1.,  0.,  1.,  2.,  3.,  4.],
             [-4., -3., -2., -1.,  0.,  1.,  2.,  3.,  4.],
             [-4., -3., -2., -1.,  0.,  1.,  2.,  3.,  4.],
             [-4., -3., -2., -1.,  0.,  1.,  2.,  3.,  4.],
             [-4., -3., -2., -1.,  0.,  1.,  2.,  3.,  4.],
             [-4., -3., -2., -1.,  0.,  1.,  2.,  3.,  4.],
             [-4., -3., -2., -1.,  0.,  1.,  2.,  3.,  4.]])

y_1 = array([[-5., -5., -5., -5., -5., -5., -5., -5., -5.],
       [-4., -4., -4., -4., -4., -4., -4., -4., -4.],
       [-3., -3., -3., -3., -3., -3., -3., -3., -3.],
       [-2., -2., -2., -2., -2., -2., -2., -2., -2.],
       [-1., -1., -1., -1., -1., -1., -1., -1., -1.],
       [ 0.,  0.,  0.,  0.,  0.,  0.,  0.,  0.,  0.],
       [ 1.,  1.,  1.,  1.,  1.,  1.,  1.,  1.,  1.],
       [ 2.,  2.,  2.,  2.,  2.,  2.,  2.,  2.,  2.],
       [ 3.,  3.,  3.,  3.,  3.,  3.,  3.,  3.,  3.],
       [ 4.,  4.,  4.,  4.,  4.,  4.,  4.,  4.,  4.],
       [ 5.,  5.,  5.,  5.,  5.,  5.,  5.,  5.,  5.]])


Input : x = [0, 1, 2, 3, 4, 5]
        y = [2, 3, 4, 5, 6, 7, 8]

Output :
x_1 = array([[0., 1., 2., 3., 4., 5.],
             [0., 1., 2., 3., 4., 5.],
             [0., 1., 2., 3., 4., 5.],
             [0., 1., 2., 3., 4., 5.],
             [0., 1., 2., 3., 4., 5.],
             [0., 1., 2., 3., 4., 5.],
             [0., 1., 2., 3., 4., 5.]])

y_1 = array([[2., 2., 2., 2., 2., 2.],
             [3., 3., 3., 3., 3., 3.],
             [4., 4., 4., 4., 4., 4.],
             [5., 5., 5., 5., 5., 5.],
             [6., 6., 6., 6., 6., 6.],
             [7., 7., 7., 7., 7., 7.],
             [8., 8., 8., 8., 8., 8.]]